UNITED STATES OF AMERICA
PRESIDENTIAL ELECTIONS OF 1980
=============================================================================


POPULAR VOTE AND ELECTORAL COLLEGE VOTE BY STATE
=============================================================================

                      John B                Jimmy                Ronald
                    Anderson               Carter                Reagan
            (Independent, IL)       (Democrat, GA)      (Republican, CA)
-----------------------------------------------------------------------------
State            vote    %     ECV    vote    %     ECV    vote    %     ECV
-----------------------------------------------------------------------------
ALABAMA           16,481 01.2   -     636,730 47.5   -     654,192 48.8   9
ALASKA            11,155 07.0   -      41,842 26.4   -      86,112 54.3   3
ARIZONA           76,952 08.8   -     246,843 28.2   -     529,688 60.6   6
ARKANSAS          22,468 02.7   -     398,041 47.5   -     403,164 48.1   6
CALIFORNIA       739,833 08.6   -   3,083,661 35.9   -   4,524,858 52.7  45
COLORADO         130,633 11.0   -     367,973 31.1   -     652,264 55.1   7
CONNECTICUT      171,807 12.2   -     541,732 38.5   -     677,210 48.2   8
DELAWARE          16,288 06.9   -     105,754 44.8   -     111,252 47.2   3
D OF COLUMBIA     16,337 09.3   -     131,113 74.8   3      23,545 13.4   -
FLORIDA          189,692 05.1   -   1,419,475 38.5   -   2,046,951 55.5  17
GEORGIA           36,055 02.3   -     890,733 55.8  12     654,168 41.0   -
HAWAII            32,021 10.6   -     135,879 44.8   4     130,112 42.9   -
IDAHO             27,058 06.2   -     110,192 25.2   -     290,699 66.5   4
ILLINOIS         346,754 07.3   -   1,981,413 41.7   -   2,358,049 49.6  26
INDIANA          111,639 05.0   -     844,197 37.7   -   1,255,656 56.0  13
IOWA             115,639 08.8   -     508,672 38.6   -     676,026 51.3   8
KANSAS            68,231 07.0   -     326,150 33.3   -     566,812 57.9   7
KENTUCKY          31,127 02.4   -     616,417 47.6   -     635,274 49.1   9
LOUISIANA         26,345 01.7   -     708,453 45.7   -     792,853 51.2  10
MAINE             53,327 10.2   -     220,974 42.3   -     238,522 45.6   4
MARYLAND         119,537 07.8   -     726,161 47.1  10     680,606 44.2   -
MASSACHUSETTS    382,539 15.2   -   1,053,802 41.7   -   1,057,631 41.9  14
MICHIGAN         275,223 07.0   -   1,661,532 42.5   -   1,915,225 49.0  21
MINNESOTA        174,990 08.5   -     954,174 46.5  10     873,268 42.6   -
MISSISSIPPI       12,036 01.3   -     429,281 48.1   -     441,089 49.4   7
MISSOURI          77,920 03.7   -     931,182 44.3   -   1,074,181 51.2  12
MONTANA           29,281 08.0   -     118,032 32.4   -     206,814 56.8   4
NEBRASKA          44,993 07.0   -     166,851 26.0   -     419,937 65.9   5
NEVADA            17,651 07.1   -      66,666 26.9   -     155,017 62.5   3
NEW HAMPSHIRE     49,693 12.9   -     108,864 28.4   -     221,705 57.7   4
NEW JERSEY       234,632 07.9   -   1,147,364 38.6   -   1,546,557 52.0  17
NEW MEXICO        29,459 06.5   -     167,826 36.7   -     250,779 54.9   4
NEW YORK         467,801 07.5   -   2,728,372 44.0   -   2,893,831 46.7  41
NTH CAROLINA      52,800 02.8   -     875,635 47.2   -     915,018 49.3  13
NTH DAKOTA        23,640 07.8   -      79,189 26.3   -     193,695 64.2   3
OHIO             254,472 05.9   -   1,752,414 40.9   -   2,206,545 51.5  25
OKLAHOMA          38,284 03.3   -     402,026 35.0   -     695,570 60.5   8
OREGON           112,389 09.5   -     456,890 38.7   -     571,044 48.3   6
PENNSYLVANIA     292,921 06.4   -   1,937,540 42.5   -   2,261,872 49.6  27
RHODE ISLAND      59,819 14.4   -     198,342 47.7   4     154,793 37.2   -
STH CAROLINA      14,153 01.6   -     430,385 48.1   -     441,841 49.4   8
STH DAKOTA        21,431 06.5   -     103,855 31.7   -     198,343 60.5   4
TENNESSEE         35,991 02.2   -     783,051 48.4   -     787,761 48.7  10
TEXAS            111,613 02.5   -   1,881,147 41.4   -   2,510,705 55.3  26
UTAH              30,284 05.0   -     124,266 20.6   -     439,687 72.8   4
VERMONT           31,761 14.9   -      81,952 38.4   -      94,628 44.4   3
VIRGINIA          95,418 05.1   -     752,174 40.3   -     989,609 53.0  11
WASHINGTON       185,073 10.6   -     650,193 37.3   -     865,244 49.7   8
WEST VIRGINIA     31,691 04.3   -     367,462 49.8   6     334,206 45.3   -
WISCONSIN        160,657 07.1   -     981,584 43.2   -   1,088,845 47.9  11
WYOMING           12,072 06.8   -      49,427 28.0   -     110,700 62.6   3
-----------------------------------------------------------------------------
               5,720,060 06.6   -  35,483,883 41.0  49  43,904,153 50.7 489
-----------------------------------------------------------------------------
