UNITED STATES OF AMERICA
PRESIDENTIAL ELECTIONS OF 1984
====================================================================


POPULAR VOTE AND ELECTORAL COLLEGE VOTE BY STATE
====================================================================

                        Walter F                  Ronald
                         Mondale                  Reagan
                   (Democrat, MN)        (Republican, CA)
--------------------------------------------------------------------
State               vote    %     ECV       vote    %     ECV
--------------------------------------------------------------------
ALABAMA             551,899 38.3   -        872,849 60.5   9
ALASKA               62,007 29.9   -        138,377 66.6   3
ARIZONA             333,854 32.5   -        681,416 66.4   7
ARKANSAS            338,646 38.3   -        534,774 60.5   6
CALIFORNIA        3,922,519 41.3   -      5,467,009 57.5  47
COLORADO            454,975 35.1   -        821,817 63.4   8
CONNECTICUT         569,597 38.8   -        890,877 60.7   8
DELAWARE            101,656 39.9   -        152,190 59.8   3
DIST OF COLUMBIA    180,408 85.4   3         29,009 13.7   -
FLORIDA           1,448,816 34.7   -      2,730,350 65.3  21
GEORGIA             706,628 39.8   -      1,068,722 60.2  12
HAWAII              147,154 43.8   -        185,050 55.1   4
IDAHO               108,510 26.4   -        297,523 72.4   4
ILLINOIS          2,086,499 43.3   -      2,707,103 56.2  24
INDIANA             841,481 37.7   -      1,377,230 61.7  12
IOWA                605,620 45.9   -        703,088 53.3   8
KANSAS              333,149 32.6   -        677,296 66.3   7
KENTUCKY            539,539 39.4   -        821,702 60.0   9
LOUISIANA           651,586 38.2   -      1,037,299 60.8  10
MAINE               214,515 38.8   -        336,500 60.8   4
MARYLAND            787,935 47.0   -        879,918 52.5  10
MASSACHUSETTS     1,239,616 48.4   -      1,310,936 51.2  13
MICHIGAN          1,529,638 40.2   -      2,251,571 59.2  20
MINNESOTA         1,036,364 49.7  10      1,032,603 49.5   -
MISSISSIPPI         352,192 37.4   -        582,377 61.9   7
MISSOURI            848,583 40.0   -      1,274,188 60.0  11
MONTANA             146,742 38.2   -        232,450 60.5   4
NEBRASKA            187,866 28.8   -        460,054 70.6   5
NEVADA               91,655 32.0   -        188,770 65.8   4
NEW HAMPSHIRE       120,347 30.9   -        267,050 68.6   4
NEW JERSEY        1,261,323 39.2   -      1,933,630 60.1  16
NEW MEXICO          201,769 39.2   -        307,101 59.7   5
NEW YORK          3,119,609 45.8   -      3,664,763 53.8  36
NTH CAROLINA        824,287 37.9   -      1,346,481 61.9  13
NTH DAKOTA          104,429 33.8   -        200,336 64.8   3
OHIO              1,825,440 40.1   -      2,678,560 58.9  23
OKLAHOMA            385,080 30.7   -        861,530 68.6   8
OREGON              536,479 43.7   -        685,700 55.9   7
PENNSYLVANIA      2,228,131 46.0   -      2,584,323 53.3  25
RHODE ISLAND        197,106 47.9   -        212,080 51.8   4
STH CAROLINA        344,459 35.6   -        615,539 63.6   8
STH DAKOTA          116,113 36.5   -        200,267 63.0   3
TENNESSEE           711,714 41.6   -        990,212 57.8  11
TEXAS             1,949,276 36.1   -      3,433,428 63.6  29
UTAH                155,369 24.7   -        469,105 74.5   5
VERMONT              95,730 40.8   -        135,865 57.9   3
VIRGINIA            796,250 37.1   -      1,337,078 62.3  12
WASHINGTON          807,352 42.9   -      1,051,670 56.2  10
WEST VIRGINIA       328,125 44.3   -        405,483 54.7   6
WISCONSIN           995,740 45.1   -      1,198,584 54.3  11
WYOMING              53,370 27.7   -        133,241 69.1   3
--------------------------------------------------------------------
                 37,577,137 40.6  13     54,455,074 58.8 525
--------------------------------------------------------------------
