UNITED STATES OF AMERICA
PRESIDENTIAL ELECTIONS OF 1988
====================================================================


POPULAR VOTE AND ELECTORAL COLLEGE VOTE BY STATE
====================================================================

                          George               Michael S
                            Bush                 Dukakis
                 (Republican, TX)          (Democrat, MA)
--------------------------------------------------------------------
State               vote    %     ECV       vote    %     ECV
--------------------------------------------------------------------
ALABAMA             815,576 59.7   9        549,506 40.3   -
ALASKA              119,251 59.6   3         72,584 36.3   -
ARIZONA             702,541 60.7   7        454,029 39.3   -
ARKANSAS            466,578 57.2   6        349,237 42.8   -
CALIFORNIA        5,054,917 51.8  47      4,702,233 48.2   -
COLORADO            728,155 53.9   8        621,453 46.1   -
CONNECTICUT         750,241 52.6   8        676,584 47.4   -
DELAWARE            139,689 56.3   3        108,532 43.7   -
DIST OF COLUMBIA     27,590 14.7   -        159,407 85.3   3
FLORIDA           2,618,885 61.2  21      1,656,701 38.8   -
GEORGIA           1,081,331 60.2  12        714,792 39.8   -
HAWAII              158,625 45.2   -        192,364 54.8   4
IDAHO               253,881 63.3   4        147,272 36.7   -
ILLINOIS          2,310,939 51.0  24      2,215,940 49.0   -
INDIANA           1,297,763 60.1  12        860,643 39.9   -
IOWA                545,355 44.8   -        670,557 55.1   8
KANSAS              549,049 56.5   7        422,636 43.5   -
KENTUCKY            734,281 55.8   9        580,368 44.2   -
LOUISIANA           883,702 55.2  10        717,460 44.8   -
MAINE               307,131 55.8   4        243,569 44.2   -
MARYLAND            876,167 51.5  10        826,304 48.5   -
MASSACHUSETTS     1,194,635 46.0   -      1,401,415 54.0  13
MICHIGAN          1,965,485 54.0  20      1,675,783 46.0   -
MINNESOTA           962,337 46.4   -      1,109,471 53.6  10
MISSISSIPPI         557,921 60.5   7        363,921 39.5   -
MISSOURI          1,084,953 52.0  11      1,001,619 48.0   -
MONTANA             190,412 53.0   4        168,956 47.0   -
NEBRASKA            397,956 60.5   5        259,235 39.5   -
NEVADA              206,040 60.8   4        132,738 39.2   -
NEW HAMPSHIRE       281,537 63.2   4        163,696 36.8   -
NEW JERSEY        1,743,192 56.9  16      1,320,352 43.1   -
NEW MEXICO          270,341 52.5   5        244,497 47.5   -
NEW YORK          3,081,871 47.9   -      3,347,882 52.1  36
NTH CAROLINA      1,237,258 58.1  13        890,167 41.9   -
NTH DAKOTA          166,559 56.6   3        127,739 43.4   -
OHIO              2,416,549 55.5  23      1,939,629 44.6   -
OKLAHOMA            678,367 58.4   8        483,423 41.6   -
OREGON              560,126 47.6   -        616,206 52.4   7
PENNSYLVANIA      2,300,087 51.2  25      2,194,944 48.8   -
RHODE ISLAND        177,761 44.1   -        225,123 55.9   4
STH CAROLINA        606,443 62.1   8        370,554 37.9   -
STH DAKOTA          165,415 53.2   3        145,560 47.8   -
TENNESSEE           947,233 58.2  11        679,794 41.8   -
TEXAS             3,036,829 56.3  29      2,352,748 43.7   -
UTAH                428,442 68.5   5        207,343 31.5   -
VERMONT             124,331 51.8   3        115,775 48.2   -
VIRGINIA          1,309,162 60.3  12        859,799 39.7   -
WASHINGTON          903,835 49.2   -        933,516 50.8  10
WEST VIRGINIA       310,065 47.6   -        341,016 52.4   6
WISCONSIN         1,047,499 48.2   -      1,126,794 51.8  11
WYOMING             106,867 61.4   3         67,113 38.6   -
--------------------------------------------------------------------
                 48,881,155 53.9 426     41,808,979 47.1 112
--------------------------------------------------------------------
