UNITED STATES OF AMERICA
PRESDENTIAL ELECTIONS OF 1992
============================================================================


POPULAR VOTE AND ELECTORAL COLLEGE VOTE BY STATE
============================================================================

                      George                 Bill                 Ross
                        Bush              Clinton                Perot
             (Republican, TX)       (Democrat, AR)         (Reform, TX)
----------------------------------------------------------------------------
State           vote    %     ECV    vote    %     ECV    vote    %     ECV
----------------------------------------------------------------------------
ALABAMA         804,283 47.9   9     690,080 41.1   -     183,109 10.9  -
ALASKA          102,000 40.2   3      78,295 30.8   -      73,481 28.9  -
ARIZONA         572,086 38.9   8     543,050 37.0   -     353,741 24.1  -
ARKANSAS        337,324 35.8   -     505,823 53.7   6      99,132 10.5  -
CALIFORNIA    3,630,566 32.9   -   5,121,249 46.3  54   2,296,004 20.8  -
COLORADO        562,850 36.1   -     629,681 40.4   8     366,010 23.5  -
CONNECTICUT     578,313 35.9   -     682,318 42.4   8     348,771 21.7  -
DELAWARE        102,313 35.6   -     126,054 43.8   3      59,213 20.6  -
D OF COLUMBIA    20,698 09.3   -     192,619 86.4   3       9,681 04.3  -
FLORIDA       2,171,781 41.0  25   2,071,651 39.1   -   1,052,481 19.9  -
GEORGIA         995,252 43.0   -   1,008,966 43.6  13     309,657 13.4  -
HAWAII          136,822 37.1   -     179,310 48.6   4      53,005 14.3  -
IDAHO           202,645 43.1   4     137,013 29.1   -     130,395 27.7  -
ILLINOIS      1,734,096 34.5   -   2,453,350 48.8  22     840,515 16.7  -
INDIANA         939,375 41.9  12     848,420 37.8   -     455,934 20.3  -
IOWA            504,891 37.5   -     586,353 43.6   7     253,468 18.8  -
KANSAS          449,469 39.1   6     389,704 33.9   -     311,316 27.0  -
KENTUCKY        617,178 41.5   -     665,104 44.7   8     203,944 13.7  -
LOUISIANA       733,386 41.6   -     815,971 46.3   9     211,478 12.0  -
MAINE           206,504 30.5   -     263,420 38.9   4     206,820 30.6  -
MARYLAND        707,094 35.8   -     988,571 50.0  10     281,414 14.2  -
MASSACHUSETTS   805,039 29.2   -   1,318,639 47.9  12     630,731 22.9  -
MICHIGAN      1,554,940 36.6   -   1,871,182 44.0  18     824,813 19.4  -
MINNESOTA       747,841 32.1   -   1,020,997 43.8  10     562,506 24.1  -
MISSISSIPPI     487,793 49.1   7     400,268 40.3   -     105,045 10.6  -
MISSOURI        811,159 34.0   -   1,053,873 44.2  11     518,741 21.8  -
MONTANA         144,207 35.5   -     154,507 38.1   3     107,225 26.4  -
NEBRASKA        343,678 46.8   5     216,864 29.5   -     174,104 23.7  -
NEVADA          175,828 35.3   -     189,148 38.0   4     132,580 26.6  -
NEW HAMPSHIRE   202,484 38.0   -     209,040 39.2   4     121,337 22.8  -
NEW JERSEY    1,356,865 40.9   -   1,436,206 43.3  15     521,829 15.7  -
NEW MEXICO      212,824 37.6   -     261,617 46.2   5      91,895 16.2  -
NEW YORK      2,346,649 34.1   -   3,444,450 50.1  33   1,090,721 15.8  -
NTH CAROLINA  1,134,661 43.5  14   1,114,042 42.7   -     357,864 13.7  -
NTH DAKOTA      136,244 44.4   3      99,168 32.3   -      71,084 23.2  -
OHIO          1,894,942 38.5   -   1,984,942 40.4  21   1,036,426 21.1  -
OKLAHOMA        592,929 42.8   8     473,066 34.1   -     319,878 23.1  -
OREGON          475,757 32.8   -     621,314 42.8   7     354,091 24.4  -
PENNSYLVANIA  1,791,841 36.3   -   2,239,164 45.4  23     902,667 18.3  -
RHODE ISLAND    131,601 29.2   -     213,299 47.4   4     105,045 23.3  -
STH CAROLINA    577,508 48.3   8     479,514 40.1   -     138,782 11.6  -
STH DAKOTA      136,718 40.8   3     124,888 37.3   -      73,295 21.9  -
TENNESSEE       841,300 42.6   -     933,521 47.3  11     199,968 10.1  -
TEXAS         2,496,071 40.7  32   2,281,815 37.2   -   1,354,781 22.1  -
UTAH            322,632 43.4   5     203,400 27.3   -     183,429 24.6  -
VERMONT          88,122 30.6   -     133,592 46.4   3      65,991 22.9  -
VIRGINIA      1,150,517 45.3  13   1,038,650 40.9   -     348,639 13.7  -
WASHINGTON      731,234 32.3   -     993,037 43.8  11     541,780 23.9  -
WEST VIRGINIA   241,974 35.5   -     331,001 48.5   5     108,829 16.0  -
WISCONSIN       930,855 37.0   -   1,041,066 41.4  11     544,479 21.6  -
WYOMING          79,347 39.9   3      68,160 34.3   -      51,263 25.8  -
----------------------------------------------------------------------------
             39,052,486 37.6 168  44,927,432 43.3 370  19,393,877 18.7  -
----------------------------------------------------------------------------
