UNITED STATES OF AMERICA
PRESDENTIAL ELECTIONS OF 1996
============================================================================


POPULAR VOTE AND ELECTORAL COLLEGE VOTE BY STATE
============================================================================

                        Bill                  Bob                 Ross
                     Clinton                 Dole                Perot
               (Democrat, AR)     (Republican, KA)         (Reform, TX)
----------------------------------------------------------------------------
State           vote    %     ECV    vote    %     ECV    vote    %     ECV
----------------------------------------------------------------------------
ALABAMA         662,165 43.2   -     769,044 50.1   9      92,149 06.0  -
ALASKA           80,380 33.3   -     122,380 50.8   3      26,333 10.9  -
ARIZONA         653,288 46.5   8     622,073 44.3   -     112,072 08.0  -
ARKANSAS        475,171 53.7   6     325,416 36.8   -      69,884 07.9  -
CALIFORNIA    5,119,835 51.1  54   3,828,380 38.2   -     697,847 07.0  -
COLORADO        671,152 44.4   -     691,848 45.8   8      99,629 06.6  -
CONNECTICUT     735,740 52.8   8     483,109 34.7   -     139,523 10.0  -
DELAWARE        140,355 51.8   3      99,062 36.6   -      28,719 10.6  -
D OF COLUMBIA   158,220 85.2   3      17,339 09.3   -       3,611 01.9  -
FLORIDA       2,546,870 48.0  25   2,244,536 42.3   -     483,870 09.1  -
GEORGIA       1,053,849 45.8   -   1,080,843 47.0  13     146,337 06.4  -
HAWAII          205,012 56.9   4     113,943 31.6   -      27,358 07.6  -
IDAHO           165,443 33.6   -     256,595 52.2   4      62,518 12.7  -
ILLINOIS      2,341,744 54.3  22   1,587,021 36.8   -     346,408 08.0  -
INDIANA         887,424 41.5   -   1,006,693 47.1  12     224,299 10.5  -
IOWA            620,258 50.3   7     492,644 39.9   -     105,159 08.5  -
KANSAS          387,659 36.1   -     583,245 54.3   6      92,639 08.6  -
KENTUCKY        636,614 45.8   8     623,283 44.9   -     120,396 08.7  -
LOUISIANA       927,837 52.0   9     712,586 39.9   -     123,293 06.9  -
MAINE           312,788 51.6   4     186,378 30.8   -      85,970 14.2  -
MARYLAND        966,207 54.2  10     681,530 38.3   -     115,812 06.5  -
MASSACHUSETTS 1,571,763 61.5  12     718,107 28.1   -     227,217 08.9  -
MICHIGAN      1,989,653 51.7  18   1,481,212 38.5   -     336,670 08.7  -
MINNESOTA     1,120,438 51.1  10     766,476 35.0   -     257,704 11.7  -
MISSISSIPPI     394,022 44.1   -     439,838 49.2   7      52,222 05.8  -
MISSOURI      1,025,935 47.5  11     890,016 41.2   -     217,188 10.1  -
MONTANA         167,922 41.2   -     179,652 44.1   3      55,229 13.6  -
NEBRASKA        236,761 34.9   -     363,467 53.7   5      71,278 10.5  -
NEVADA          203,974 43.9   4     199,244 42.9   -      43,986 09.5  -
NEW HAMPSHIRE   246,214 49.3   4     196,532 39.4   -      48,390 09.7  -
NEW JERSEY    1,652,329 53.7  15   1,103,078 35.9   -     262,134 08.5  -
NEW MEXICO      273,495 49.2   5     232,751 41.9   -      32,257 05.8  -
NEW YORK      3,756,177 59.5  33   1,933,492 30.6   -     503,458 08.0  -
NTH CAROLINA  1,107,849 44.0   -   1,225,938 48.7  14     168,059 06.7  -
NTH DAKOTA      106,905 40.1   -     125,050 46.9   3      32,515 12.2  -
OHIO          2,148,222 47.4  21   1,859,883 41.0   -     483,207 10.7  -
OKLAHOMA        488,105 40.5   -     582,315 48.3   8     130,788 10.8  -
OREGON          649,641 47.1   7     538,152 39.1   -     121,221 08.8  -
PENNSYLVANIA  2,215,819 49.2  23   1,801,169 40.0   -     430,984 09.6  -
RHODE ISLAND    233,050 59.7   4     104,683 26.8   -      43,723 11.2  -
STH CAROLINA    506,283 44.0   -     573,458 49.8   8      64,386 05.6  -
STH DAKOTA      139,333 43.0   -     150,543 46.5   3      31,250 09.6  -
TENNESSEE       909,146 48.0  11     863,530 45.6   -     105,918 05.6  -
TEXAS         2,459,683 43.8   -   2,736,167 48.8  32     378,537 06.7  -
UTAH            221,633 33.3   -     361,911 54.4   5      66,461 10.0  -
VERMONT         137,894 53.3   3      80,352 31.1   -      31,024 12.0  -
VIRGINIA      1,091,060 45.1   -   1,183,350 47.1  13     159,861 06.6  -
WASHINGTON    1,123,323 49.8  11     840,712 37.3   -     201,003 08.9  -
WEST VIRGINIA   327,812 51.5   5     233,946 36.8   -      71,639 11.3  -
WISCONSIN     1,071,971 48.8  11     845,029 38.5   -     227,339 10.3  -
WYOMING          77,934 36.8   -     105,388 49.8   3      25,928 12.3  -
----------------------------------------------------------------------------
             47,402,357 49.2 379  39,198,755 40.7 159   8,085,402 08.4  -
----------------------------------------------------------------------------
