UNITED STATES OF AMERICA
PRESDENTIAL ELECTIONS OF 4 NOVEMBER 2008
============================================================================
Source: websites of the state secretaries of state or election commissioners

SUMMARY OF POPULAR AND ELECTORAL COLLEGE VOTE
============================================================================
Candidate           Party         State       Vote        %      ECV
----------------------------------------------------------------------------
Chuck Baldwin       Constitution  FL             196,461  00.2     -
Bob Barr            Libertarian   GA             524,524  00.4     -
John S. McCain      Republican    AZ          59,934,814  45.7   173
Cynthia McKinney    Green         GA             161,195  00.1     -
Ralph Nader                       CT             736,804  00.6     -
Barack H. Obama     Democrat      IL          69,456,897  52.9   365
18 others                                        226,908  00.2     -
----------------------------------------------------------------------------
Total                                      131,237,603         538
----------------------------------------------------------------------------


POPULAR AND ELECTORAL COLLEGE VOTE BY STATE / TERRITORY
====================================================================================================
State            Obama/Biden              McCain/Palin             Others                 Total
                 Votes      %     ECV     Votes      %     ECV     Votes      %     ECV
----------------------------------------------------------------------------------------------------
Alabama            813,479  38.7   -      1,266,546  60.3   9         19,794  00.9   -     2,099,819 
Alaska             123,594  37.9   -        193,841  59.4   3          8,762  00.3   -       326,197 
Arizona          1,034,707  45.1   -      1,230,111  53.6  10         28,657  01.2   -     2,293,475
Arkansas           422,310  38.9   -        638,017  58.7   6         26,290  02.4   -     1,086,617
California       8,274,473  61.0  55      5,011,781  37.0   -        275,646  02.0   -    13,561,900
Colorado         1,288,576  53.7   9      1,073,589  44.7   -         39,196  01.6   -     2,401,361
Connecticut        997,772  60.6   7        629,428  38.2   -         19,592  01.2   -     1,646,792
Delaware           255,459  61.9   3        152,374  36.9   -          4,579  01.1   -       412,412
Dist of Columbia   245,800  92.5   3         17,367  06.5   -          2,686  01.0   -       265,853 
Florida          4,282,074  51.0  27      4,045,624  48.2   -         63,036  00.8   -     8,390,744
Georgia          1,844,137  47.0   -      2,048,744  52.2  15         31,551  00.8   -     3,924,432 
Hawaii             325,871  71.8   4        120,566  26.6   -          7,131  01.6   -       453,568 
Idaho              236,440  36.1   -        403,012  61.5   4         15,580  02.4   -       655,032
Illinois         3,419,673  61.9  21      2,031,527  36.8   -         71,851  01.3   -     5,523,051 
Indiana          1,374,039  49.9  11      1,345,648  48.9   -         31,367  01.1   -     2,751,054
Iowa               828,940  53.9   7        682,379  44.4   -         25,804  01.7   -     1,537,123
Kansas             514,765  41.7   -        699,655  56.6   6         21,452  01.7   -     1,235,872
Kentucky           751,985  41.2   -      1,048,462  57.4   8         26,061  01.4   -     1,826,508 
Louisiana          782,989  39.9   -      1,148,275  58.6   9         29,497  01.5   -     1,960,761 
Maine              421,923  57.7   4        295,273  40.4   -         13,967  01.9   -       731,163
Maryland         1,629,467  61.9  10        959,862  36.5   -         42,267  01.6   -     2,631,596 
Massachusetts    1,904,097  61.8  12      1,108,854  36.0   -         68,034  02.2   -     3,080,985
Michigan         2,872,579  57.4  17      2,048,639  41.0   -         80,548  01.7   -     5,001,766
Minnesota        1,573,354  54.1  10      1,275,409  43.8   -         61,606  02.1   -     2,910,369
Mississippi        554,662  43.0   -        724,597  56.2   6         10,606  00.8   -     1,289,865
Missouri         1,441,911  49.3   -      1,445,814  49.4  11         37,480  01.3   -     2,925,205
Montana            231,667  47.9   -        242,763  49.5   3         15,679  03.2   -       490,109
Nebraska           333,319  41.6   1        452,979  56.5   4         14,983  01.9   -       801,281
Nevada             533,736  55.1   5        412,827  42.7   -         21,285  02.2   -       967,848
New Hampshire      384,826  54.1   4        316,534  44.5   -          9,610  01.4   -       710,970
New Jersey       2,215,422  57.3  15      1,613,207  41.7   -         39,608  01.0   -     3,868,237
New Mexico         472,422  56.9   5        346,832  41.8   -         10,904  01.3   -       830,158
New York         4,769,700  62.8  31      2,742,298  36.1   -         82,815  01.1   -     7,594,813
North Carolina   2,142,651  49.7  15      2,128,474  49.4   -         39,664  00.9   -     4,310,789
North Dakota       141,278  44.6   -        168,601  53.3   3          6,742  02.1   -       316,621
Ohio             2,933,388  51.5  20      2,674,491  46.9   -         90,381  01.6   -     5,698,260
Oklahoma           502,496  34.4   -        960,165  65.6   6              -         -     1,462,661
Oregon           1,037,291  56.7   7        738,475  40.4   -         52,098  02.9   -     1,827,864
Pennsylvania     3,276,363  54.7  21      2,655,885  44.3   -         62,889  01.0   -     5,995,137
Rhode Island       296,571  63.1   4        165,391  35.2   -          7,805  01.7   -       469,767
South Carolina     862,449  44.9   -      1,034,896  53.9   8         23,624  01.2   -     1,920,969
South Dakota       170,924  44.7   -        203,054  53.2   3          7,997  02.1   -       381,975
Tennessee        1,087,437  41.8   -      1,479,178  56.9  11         33,134  01.3   -     2,599,749
Texas            3,528,633  43.7   -      4,479,328  55.5  34         69,834  00.9   -     8,077,795
Utah               327,670  34.4   -        596,030  62.6   5         28,670  03.0   -       952,370
Vermont            219,262  67.5   3         98,974  30.4   -          6,810  02.1   -       325,046
Virginia         1,959,532  52.6  13      1,725,005  46.3   -         38,723  01.0   -     3,723,260
Washington       1,750,848  57.7  11      1,229,216  40.5   -         56,814  01.9   -     3,036,878
West Virginia      303,857  42.6   -        397,466  55.7   5         12,138  01.7   -       713,461
Wisconsin        1,677,211  56.2  10      1,262,393  42.3   -         43,813  01.5   -     2,983,417
Wyoming             82,868  32.5   -        164,958  64.8   3          6,832  02.7   -       254,658
----------------------------------------------------------------------------------------------------
Total           69,456,897  52.9 365     59,934,814  45.7 173      1,845,892  01.4   -   131,237,603
----------------------------------------------------------------------------------------------------
Obama recieved one of Nebraska's five Electoral College votes under Nebraska election law because 
he carried one of Nebraska's three Congressional Districts.
